00000011111111111111100000100000
10001111111110000000000000000001
00010011000111110000000000000110
11111011111111110000000000000011
10001111111110000000000000000000
00000011000111111111100000001000
00000011111111111111100000100000
00110111111000010000000000000001
00110111111000100000000000000010
10101111111000010000000000000001
11111011111111110000000000000001
01111111111000000000000000000000
00010000000000010000000000001111
00010000000000100000000000100101
00001000000000000000000000000110
00000011111111111111100000100000
11111011111111110000000000000010
01111111111000000000000000000000
00110111111001000000000000000001
00101000000000010000000000000001
00101000000000100000000000001010
10110100010000100000000000000001
00000000001000100001100000100101
00010000011001000000000000001111
00110111111101110000000100101100
00000011111000001100100000100000
10010011111000100000000000000000
00100000010000100000000000001001
10101111111000100000000000000000
00110111111000110000000010010110
00100100000000000000000000000001
00000000000000110010000000011000
00100000100001000000000100101100
11111011001111110000000000000100
00000000100111111111100000001000
00000011111111111111100000100000
00001000000000000000000000000110
00000011111111111111100000100000
00110111111000000000000000000000
00110111111000010000000000000001
00000011111111111111100000100000
00010000001111110000000000111100
11111011111111110000000000000010
01111111111001010000000000000000
00000000101111110001000000101010
10110100010000100000000000000001
00010000010111110000000000111010
00110111111000100000000000001010
00000000010001010001000000101010
10110100010000100000000000000001
00010000010111110000000000111010
00010100101111110000000000110110
00000011111111110000100000100000
00001000000000000000000000111010
00000011111111111111100000100000
10101100000001010000000000000110
10101100000111110000000000010001
00100000000000000000000000000001
00000011111111111111100000100000
00001000000000000000000000101000
00000011111111111111100000100000
10101111111000000000000000000010
00000011111111111111100000100000
11111011111111110000000000000000
10001111111000000000000000000010
00000011111000000000100000101010
00010000001111110000000010001111
10001111111000010000000000010001
10001111111000100000000000000110
00000000010111111100000000100000
00010000001111110000000001001110
00110111111001000000000000100001
00000000010001001011100000011000
00100010111101110000000000110010
10001110111110010000000000000000
00001100000000000000000010010001
10001110111111100000000000011100
00001000000000000000000001010011
00000011111111111111100000100000
00110111111000110000000010010110
00100100010000100000000000000001
00000000010000111100100000011000
00100011001110010000000100101100
00000011111111111111100000100000
10010011111101110000000000000000
00100010111101110000000000001000
10101111111101110000000000000000
00110111111101110000000100101100
00000011000101111011100000011000
11111011000111110000000000000100
00000111111111110000000000100011
00000011001111111111100000001000
00000011111111111111100000100000
00011011111101110000000000000000
00110111111110000000000000000010
00010010111110000000000001111100
10001111111110010000000000000110
00110111111110000000000000100001
00000011001110001011100000011000
00100010111101110000000000110010
11010011111110000000000000000000
10101110111110000000000000000000
10101111000111100000000000011100
00001100000000000000000010101110
00110111111000000000000000000000
00000011111110010000100000100000
10001111111000100000000000000010
00100100010000100000000000000001
00000011111111111111100000100000
00000000000000100001100000101010
00010000011111110000000001110111
00100000000001000000000000000110
10001100100001010000000000000001
10101100000001010000000000000110
00100000000001000000000000010001
10001100100001010000000000000001
10101100000001010000000000010001
00100000000000000000000000000001
00001000000000000000000001101100
00000011111111111111100000100000
10101100010000010000000000000110
00110111111001100000000000000001
10101100010001100000000000010001
00001000000000000000000010001101
00000011111111111111100000100000
00110111111000000000000000000000
10001111111000010000000000000010
00100100001000010000000000000001
00000011111111111111100000100000
00000000000000010001000000101010
00010000010111110000000010001011
00100000000000110000000000000110
10001100011001000000000000000001
10101100000001000000000000000110
00100000000000110000000000010001
10001100011001000000000000000001
10101100000001000000000000010001
00100000000000000000000000000001
00001000000000000000000010000000
00000011111111111111100000100000
10101111111000010000000000000010
00000011111111111111100000100000
00001000000000000000000000111110
00000011111111111111100000100000
00001000000000000000000000000110
00000011111111111111100000100000
10001110111000000000000000000001
10001110111000010000000000000010
10001110111000100000000000000011
10001110111000110000000000000100
10001110111001000000000000000101
10001110111001010000000000000110
10001110111001100000000000000111
10001110111001110000000000001000
10001110111010000000000000001001
10001110111010010000000000001010
10001110111010100000000000001011
10001110111010110000000000001100
10001110111011000000000000001101
10001110111011010000000000001110
10001110111011100000000000001111
10001110111011110000000000010000
10001110111100000000000000010001
10001110111100010000000000010010
10001110111100100000000000010011
10001110111100110000000000010100
10001110111101000000000000010101
10001110111101010000000000010110
10001110111101100000000000010111
10001110111110100000000000011000
10001110111110110000000000011001
10001110111111000000000000011010
10001110111111010000000000011011
00000011110111111111100000001000
00000011111111111111100000100000
10101110111000000000000000000001
10101110111000010000000000000010
10101110111000100000000000000011
10101110111000110000000000000100
10101110111001000000000000000101
10101110111001010000000000000110
10101110111001100000000000000111
10101110111001110000000000001000
10101110111010000000000000001001
10101110111010010000000000001010
10101110111010100000000000001011
10101110111010110000000000001100
10101110111011000000000000001101
10101110111011010000000000001110
10101110111011100000000000001111
10101110111011110000000000010000
10101110111100000000000000010001
10101110111100010000000000010010
10101110111100100000000000010011
10101110111100110000000000010100
10101110111101000000000000010101
10101110111101010000000000010110
10101110111101100000000000010111
10101110111110100000000000011000
10101110111110110000000000011001
10101110111111000000000000011010
10101110111111010000000000011011
00000011110111111111100000001000
00000011111111111111100000100000
00000011111111111111100000100000
00000011111111111111100000100000
00000011111111111111100000100000
00000011111111111111100000100000
00000011111111111111100000100000
00000011111111111111100000100000
00000011111111111111100000100000
00000011111111111111100000100000
00000011111111111111100000100000
00000011111111111111100000100000
00000011111111111111100000100000
00000011111111111111100000100000
00000011111111111111100000100000
00000011111111111111100000100000
00000011111111111111100000100000
00000011111111111111100000100000
00000011111111111111100000100000
00000011111111111111100000100000
00000011111111111111100000100000
00000011111111111111100000100000
00000011111111111111100000100000
00000011111111111111100000100000
00000011111111111111100000100000
00000011111111111111100000100000
00000011111111111111100000100000
00000011111111111111100000100000
00000011111111111111100000100000
00000011111111111111100000100000
00000011111111111111100000100000
00000011111111111111100000100000
00000011111111111111100000100000
00000011111111111111100000100000
00000011111111111111100000100000
00000011111111111111100000100000
00000011111111111111100000100000
00000011111111111111100000100000
00000011111111111111100000100000
00000011111111111111100000100000
00000011111111111111100000100000
00000011111111111111100000100000
00000011111111111111100000100000
00000011111111111111100000100000
00000011111111111111100000100000
00000011111111111111100000100000
00000011111111111111100000100000
00000011111111111111100000100000
00000011111111111111100000100000
00000011111111111111100000100000
00000011111111111111100000100000
00000011111111111111100000100000
00000011111111111111100000100000
00000011111111111111100000100000
00000011111111111111100000100000
00000011111111111111100000100000
00000011111111111111100000100000
00000011111111111111100000100000
00000011111111111111100000100000
00000011111111111111100000100000
00000011111111111111100000100000
00000011111111111111100000100000
00000011111111111111100000100000
00000011111111111111100000100000
00000011111111111111100000100000
00000011111111111111100000100000
00000011111111111111100000100000
00000011111111111111100000100000
00000011111111111111100000100000
00000011111111111111100000100000
00000011111111111111100000100000
00000011111111111111100000100000
00000011111111111111100000100000
00000011111111111111100000100000
00000011111111111111100000100000
00000011111111111111100000100000
00000011111111111111100000100000
00000011111111111111100000100000
00000011111111111111100000100000
00000011111111111111100000100000
00000011111111111111100000100000
00000011111111111111100000100000
00000011111111111111100000100000
00000011111111111111100000100000
00000011111111111111100000100000
00000011111111111111100000100000
00000011111111111111100000100000
00000011111111111111100000100000
00000011111111111111100000100000
00000011111111111111100000100000
00000011111111111111100000100000
00000011111111111111100000100000
00000011111111111111100000100000
00000011111111111111100000100000
00000011111111111111100000100000
00000011111111111111100000100000
00000011111111111111100000100000
00000011111111111111100000100000
00001000000000000000000100111111
00000011111111111111100000100000
10101111101111100000000000000011
10001111101000000000000000000000
10001111101000010000000000000001
10001111101000100000000000001000
10001111101000000000000000000000
10001111101000010000000000000001
00000000000000010001100000100000
00000011111000110001000000100000
10101111101000100000000000001000
10001111101000100000000000001000
10001111101110110000000000000010
10101111011000100000000000000010
00001000000000000000000100111100
00000011111111111111100000100000
10001111101111100000000000000011
00000011110111111111100000001000
00000011111111111111100000100000
00110111111111010000000000000000
00000011101101111110100000100000
00110111111111000000000000011000
00000011100101111110000000100000
00000011111101111101000000100000
00100111010110100000000000000101
10001111101001000000000000000110
01111111111001010000000000000000
00000011111001010010000000100000
10101111101001000000000000000110
10001111101001100000000000000111
01111111111001110000000000000000
00000011111001110011000000100000
10101111101001100000000000000111
10001111101001000000000000000110
10101111010001000000000000000000
10001111101001100000000000000111
10101111010001100000000000000001
10001111010110110000000000000001
10101111100110110000000000000010
10001111010110110000000000000000
10101111100110110000000000000001
00000011101111111101100000100000
00100011011110110000000000000000
10101111100110110000000000000011
00100011101111010000000000011001
00100011100111000000000000011001
00001100000000000000000100101110
00100111101111010000000000011001
00100111100111000000000000011001
10001111101010000000000000000010
10101111010010000000000000000000
10001111010110110000000000000000
01111011011111110000000000000000
00001000000000000000000101100011
00000011111111111111100000100000
11111111111111111111111111111111
00000011111111111111100000100000
00000011111111111111100000100000
00000011111111111111100000100000
00000011111111111111100000100000
00000011111111111111100000100000
00000011111111111111100000100000
00000011111111111111100000100000
00000011111111111111100000100000
00000011111111111111100000100000
00000011111111111111100000100000
00000011111111111111100000100000
00000011111111111111100000100000
00000011111111111111100000100000
00000011111111111111100000100000
00000011111111111111100000100000
00000011111111111111100000100000
00000011111111111111100000100000
00000011111111111111100000100000
00000011111111111111100000100000
00000011111111111111100000100000
00000011111111111111100000100000
00000011111111111111100000100000
00000011111111111111100000100000
00000011111111111111100000100000
00000011111111111111100000100000
00000011111111111111100000100000
00000011111111111111100000100000
00000011111111111111100000100000
00000011111111111111100000100000
00000011111111111111100000100000
00000011111111111111100000100000
00000011111111111111100000100000
00000011111111111111100000100000
00000011111111111111100000100000
00000011111111111111100000100000
00000011111111111111100000100000
00000011111111111111100000100000
00000011111111111111100000100000
00000011111111111111100000100000
00000011111111111111100000100000
00000011111111111111100000100000
00000011111111111111100000100000
00000011111111111111100000100000
00000011111111111111100000100000
00000011111111111111100000100000
00000011111111111111100000100000
00000011111111111111100000100000
00000011111111111111100000100000
00000011111111111111100000100000
00000011111111111111100000100000
00000011111111111111100000100000
00000011111111111111100000100000
00000011111111111111100000100000
00000011111111111111100000100000
00000011111111111111100000100000
00000011111111111111100000100000
00000011111111111111100000100000
00000011111111111111100000100000
00000011111111111111100000100000
00000011111111111111100000100000
00000011111111111111100000100000
00000011111111111111100000100000
00000011111111111111100000100000
00000011111111111111100000100000
00000011111111111111100000100000
00000011111111111111100000100000
00000011111111111111100000100000
00000011111111111111100000100000
00000011111111111111100000100000
00000011111111111111100000100000
00000011111111111111100000100000
00000011111111111111100000100000
00000011111111111111100000100000
00000011111111111111100000100000
00000011111111111111100000100000
00000011111111111111100000100000
00000011111111111111100000100000
00000011111111111111100000100000
00000011111111111111100000100000
00000011111111111111100000100000
00000011111111111111100000100000
00000011111111111111100000100000
00000011111111111111100000100000
00000011111111111111100000100000
00000011111111111111100000100000
00000011111111111111100000100000
00000011111111111111100000100000
00000011111111111111100000100000
00000011111111111111100000100000
00000011111111111111100000100000
00000011111111111111100000100000
00000011111111111111100000100000
00000011111111111111100000100000
00000011111111111111100000100000
00001000000000000000000111000100
00000011111111111111100000100000
00110111111111010000000000000000
00000011101101111110100000100000
00110111111111000000000000011000
00000011100101111110000000100000
00000011111101111101000000100000
00100111010110100000000000000101
10001111101000000000000000000111
00000011111111110000000000100000
10101111101000000000000000000111
10001111101000010000000000001001
00000011111111110000100000100000
10101111101000010000000000001001
10001111101000100000000000000110
01111111111000110000000000000000
00000011111000110001000000100000
10101111101000100000000000000110
00000011111111111111100000100000
10001111101000000000000000000111
10001111101000100000000000000110
00000000000000100010000000101010
00010011111001000000000111101011
10001111101001010000000000001000
01111111111001100000000000000000
00000011111001100010100000100000
10101111101001010000000000001000
10001111101000010000000000001001
10001111101000010000000000001001
10001111101001010000000000001000
00000000001001010011100000100000
00000011111001110000100000100000
10101111101000010000000000001001
10001111101000000000000000000111
10001111101000000000000000000111
00110111111010000000000000000001
00000000000010000100100000100000
00000011111010010000000000100000
10101111101000000000000000000111
00001000000000000000000111010101
00000011111111111111100000100000
10001111101000010000000000001001
10001111101000010000000000001001
10001111101000100000000000000110
00000000001000100101000000011010
00000011111010100000100000100000
10101111101000010000000000001001
10001111101000010000000000001001
10101111010000010000000000000000
10001111010110110000000000000000
01111011011111110000000000000000
00001000000000000000000111110111
00000011111111111111100000100000
11111111111111111111111111111111
00000011111111111111100000100000
00000011111111111111100000100000
00000011111111111111100000100000
00000011111111111111100000100000
00000011111111111111100000100000
00000011111111111111100000100000
00000011111111111111100000100000
00000011111111111111100000100000
00000011111111111111100000100000
00000011111111111111100000100000
00000011111111111111100000100000
00000011111111111111100000100000
00000011111111111111100000100000
00000011111111111111100000100000
00000011111111111111100000100000
00000011111111111111100000100000
00000011111111111111100000100000
00000011111111111111100000100000
00000011111111111111100000100000
00000011111111111111100000100000
00000011111111111111100000100000
00000011111111111111100000100000
00000011111111111111100000100000
00000011111111111111100000100000
00000011111111111111100000100000
00000011111111111111100000100000
00000011111111111111100000100000
00000011111111111111100000100000
00000011111111111111100000100000
00000011111111111111100000100000
00000011111111111111100000100000
00000011111111111111100000100000
00000011111111111111100000100000
00000011111111111111100000100000
00000011111111111111100000100000
00000011111111111111100000100000
00000011111111111111100000100000
00000011111111111111100000100000
00000011111111111111100000100000
00000011111111111111100000100000
00000011111111111111100000100000
00000011111111111111100000100000
00000011111111111111100000100000
00000011111111111111100000100000
00000011111111111111100000100000
00000011111111111111100000100000
00000011111111111111100000100000
00000011111111111111100000100000
00000011111111111111100000100000
00000011111111111111100000100000
00000011111111111111100000100000
00000011111111111111100000100000
00000011111111111111100000100000
00000011111111111111100000100000
00000011111111111111100000100000
00000011111111111111100000100000
00000011111111111111100000100000
00000011111111111111100000100000
00000011111111111111100000100000
00000011111111111111100000100000
00000011111111111111100000100000
00000011111111111111100000100000
00000011111111111111100000100000
00000011111111111111100000100000
00000011111111111111100000100000
00000011111111111111100000100000
00000011111111111111100000100000
00000011111111111111100000100000
00000011111111111111100000100000
00000011111111111111100000100000
00000011111111111111100000100000
00000011111111111111100000100000
00000011111111111111100000100000
00000011111111111111100000100000
00000011111111111111100000100000
00000011111111111111100000100000
00000011111111111111100000100000
00000011111111111111100000100000
00000011111111111111100000100000
00000011111111111111100000100000
00000011111111111111100000100000
00000011111111111111100000100000
00000011111111111111100000100000
00000011111111111111100000100000
00000011111111111111100000100000
00000011111111111111100000100000
00000011111111111111100000100000
00000011111111111111100000100000
00000011111111111111100000100000
00000011111111111111100000100000
00000011111111111111100000100000
00000011111111111111100000100000
00000011111111111111100000100000
00000011111111111111100000100000
00000011111111111111100000100000
00000011111111111111100000100000
00001000000000000000001010100100
00000011111111111111100000100000
10101111101111100000000000000010
10001111101000000000000000000000
10001111101000000000000000000000
00110111111000010000000000000001
00000000000000010001000000101010
00000000001000000001000000101010
10110100010000100000000000000001
00010011111000100000001001101000
00110111111000110000000000000001
10001111101110110000000000000001
10101111011000110000000000000010
00001000000000000000001010100001
00001000000000000000001010100000
00000011111111111111100000100000
10001111101000000000000000000000
00110111111001000000000000000010
00000000000001000010100000101010
00000000100000000010100000101010
10110100101001010000000000000001
00010011111001010000001001110100
00110111111001100000000000000001
10001111101110110000000000000001
10101111011001100000000000000010
00001000000000000000001010100001
00001000000000000000001010011111
00000011111111111111100000100000
10001111101001110000000000001000
10001111101000000000000000000000
00110111111010000000000000000001
00000000000010000100100000100010
10101111010010010000000000000000
10001111010110110000000000000000
10101111100110110000000000000001
00000011101111111101100000100000
00100011011110110000000000000001
10101111100110110000000000000010
00100011101111010000000000011001
00100011100111000000000000011001
00001100000000000000001001011010
00100111101111010000000000011001
00100111100111000000000000011001
10001111101010100000000000000011
00000011111010100011100000100000
10101111101001110000000000001000
10001111101001110000000000001000
10001111101000000000000000000000
00110111111010110000000000000010
00000000000010110110000000100010
10101111010011000000000000000000
10001111010110110000000000000000
10101111100110110000000000000001
00000011101111111101100000100000
00100011011110110000000000000001
10101111100110110000000000000010
00100011101111010000000000011001
00100011100111000000000000011001
00001100000000000000001001011010
00100111101111010000000000011001
00100111100111000000000000011001
10001111101011010000000000000011
10001111101001110000000000001000
00000001101001110111000000100000
00000011111011100011100000100000
10101111101001110000000000001000
10001111101001110000000000001000
10001111101110110000000000000001
10101111011001110000000000000010
00001000000000000000001010100001
00000011111111111111100000100000
00000011111111111111100000100000
00000011111111111111100000100000
10001111101111100000000000000010
00000011110111111111100000001000
00000011111111111111100000100000
00110111111111010000000000000000
00000011101101111110100000100000
00110111111111000000000000011000
00000011100101111110000000100000
00000011111101111101000000100000
00100111010110100000000000000101
10001111101011110000000000000110
01111111111100000000000000000000
00000011111100000111100000100000
10101111101011110000000000000110
10001111101011110000000000000110
10101111010011110000000000000000
10001111010110110000000000000000
10101111100110110000000000000001
00000011101111111101100000100000
00100011011110110000000000000000
10101111100110110000000000000010
00100011101111010000000000011001
00100011100111000000000000011001
00001100000000000000001001011010
00100111101111010000000000011001
00100111100111000000000000011001
10001111101100010000000000000010
10101111010100010000000000000000
10001111010110110000000000000000
01111011011111110000000000000000
00001000000000000000001011000000
00000011111111111111100000100000
11111111111111111111111111111111
00000011111111111111100000100000
00000011111111111111100000100000
00000011111111111111100000100000
00000011111111111111100000100000
00000011111111111111100000100000
00000011111111111111100000100000
00000011111111111111100000100000
00000011111111111111100000100000
00000011111111111111100000100000
00000011111111111111100000100000
00000011111111111111100000100000
00000011111111111111100000100000
00000011111111111111100000100000
00000011111111111111100000100000
00000011111111111111100000100000
00000011111111111111100000100000
00000011111111111111100000100000
00000011111111111111100000100000
00000011111111111111100000100000
00000011111111111111100000100000
00000011111111111111100000100000
00000011111111111111100000100000
00000011111111111111100000100000
00000011111111111111100000100000
00000011111111111111100000100000
00000011111111111111100000100000
00000011111111111111100000100000
00000011111111111111100000100000
00000011111111111111100000100000
00000011111111111111100000100000
00000011111111111111100000100000
00000011111111111111100000100000
00000011111111111111100000100000
00000011111111111111100000100000
00000011111111111111100000100000
00000011111111111111100000100000
00000011111111111111100000100000
00000011111111111111100000100000
00000011111111111111100000100000
00000011111111111111100000100000
00000011111111111111100000100000
00000011111111111111100000100000
00000011111111111111100000100000
00000011111111111111100000100000
00000011111111111111100000100000
00001000000000000000001011110000
00000011111111111111100000100000
00110111111111010000000000000000
00000011101101111110100000100000
00110111111111000000000000011000
00000011100101111110000000100000
00000011111101111101000000100000
00100111010110100000000000000101
10001111101000000000000000000111
01111111111000010000000000000000
00000011111000010000000000100000
10101111101000000000000000000111
10001111101000100000000000000110
00110111111000110000000000000001
00000011111000110001000000100000
10101111101000100000000000000110
00000011111111111111100000100000
10001111101000000000000000000111
00110111111001000000000000000001
00000000100000000010100000101010
00010011111001010000001100010001
10001111101000100000000000000110
10001111101000100000000000000110
10001111101000000000000000000111
00000000010000000011000000011000
00000011111001100001000000100000
10101111101000100000000000000110
10001111101000000000000000000111
10001111101000000000000000000111
00110111111001110000000000000001
00000000000001110100000000100010
00000011111010000000000000100000
10101111101000000000000000000111
00001000000000000000001011111111
00000011111111111111100000100000
10001111101000100000000000000110
10101111010000100000000000000000
10001111010110110000000000000000
01111011011111110000000000000000
00001000000000000000001100010111
00000011111111111111100000100000
11111111111111111111111111111111
00000011111111111111100000100000
00000011111111111111100000100000
00000011111111111111100000100000
00000011111111111111100000100000
00000011111111111111100000100000
00000011111111111111100000100000
00000011111111111111100000100000
00000011111111111111100000100000
00000011111111111111100000100000
00000011111111111111100000100000
00000011111111111111100000100000
00000011111111111111100000100000
00000011111111111111100000100000
00000011111111111111100000100000
00000011111111111111100000100000
00000011111111111111100000100000
00000011111111111111100000100000
00000011111111111111100000100000
00000011111111111111100000100000
00000011111111111111100000100000
00000011111111111111100000100000
00000011111111111111100000100000
00000011111111111111100000100000
00000011111111111111100000100000
00000011111111111111100000100000
00000011111111111111100000100000
00000011111111111111100000100000
00000011111111111111100000100000
00000011111111111111100000100000
00000011111111111111100000100000
00000011111111111111100000100000
00000011111111111111100000100000
00000011111111111111100000100000
00000011111111111111100000100000
00000011111111111111100000100000
00000011111111111111100000100000
00000011111111111111100000100000
00000011111111111111100000100000
00000011111111111111100000100000
00000011111111111111100000100000
00000011111111111111100000100000
00000011111111111111100000100000
00000011111111111111100000100000
00000011111111111111100000100000
00000011111111111111100000100000
00000011111111111111100000100000
00000011111111111111100000100000
00000011111111111111100000100000
00000011111111111111100000100000
00000011111111111111100000100000
00000011111111111111100000100000
00000011111111111111100000100000
00000011111111111111100000100000
00000011111111111111100000100000
00000011111111111111100000100000
00000011111111111111100000100000
00000011111111111111100000100000
00000011111111111111100000100000
00000011111111111111100000100000
00000011111111111111100000100000
00000011111111111111100000100000
00000011111111111111100000100000
00000011111111111111100000100000
00000011111111111111100000100000
00000011111111111111100000100000
00000011111111111111100000100000
00000011111111111111100000100000
00000011111111111111100000100000
00000011111111111111100000100000
00000011111111111111100000100000
00000011111111111111100000100000
00000011111111111111100000100000
00000011111111111111100000100000
00000011111111111111100000100000
00000011111111111111100000100000
00000011111111111111100000100000
00000011111111111111100000100000
00000011111111111111100000100000
00000011111111111111100000100000
00000011111111111111100000100000
00000011111111111111100000100000
00000011111111111111100000100000
00000011111111111111100000100000
00000011111111111111100000100000
00000011111111111111100000100000
00000011111111111111100000100000
00000011111111111111100000100000
00000011111111111111100000100000
00000011111111111111100000100000
00000011111111111111100000100000
00000011111111111111100000100000
00000011111111111111100000100000
00000011111111111111100000100000
00000011111111111111100000100000
00000011111111111111100000100000
00000011111111111111100000100000
00000011111111111111100000100000
00000011111111111111100000100000
00000011111111111111100000100000
00000011111111111111100000100000
00000011111111111111100000100000
00000011111111111111100000100000
00000011111111111111100000100000
00000011111111111111100000100000
00000011111111111111100000100000
00000011111111111111100000100000
00000011111111111111100000100000
00000011111111111111100000100000
00001000000000000000001110110001
00000011111111111111100000100000
10101111101111100000000000000010
10001111101000000000000000000000
10001111101000000000000000000000
00110111111000010000000000000001
00000000000000010001000000101010
00000000001000000001000000101010
10110100010000100000000000000001
00010011111000100000001110010100
00110111111000110000000000000001
10001111101110110000000000000001
10101111011000110000000000000010
00001000000000000000001110101110
00001000000000000000001110101101
00000011111111111111100000100000
10001111101001000000000000000111
10001111101000000000000000000000
00110111111001010000000000000001
00000000000001010011000000100010
10101111010001100000000000000000
10001111010110110000000000000000
10101111100110110000000000000001
00000011101111111101100000100000
00100011011110110000000000000001
10101111100110110000000000000010
00100011101111010000000000011001
00100011100111000000000000011001
00001100000000000000001110000110
00100111101111010000000000011001
00100111100111000000000000011001
10001111101001110000000000000011
10001111101000000000000000000000
00000000111000000100000000011000
00000011111010000010000000100000
10101111101001000000000000000111
10001111101001000000000000000111
10001111101110110000000000000001
10101111011001000000000000000010
00001000000000000000001110101110
00000011111111111111100000100000
00000011111111111111100000100000
10001111101111100000000000000010
00000011110111111111100000001000
00000011111111111111100000100000
00110111111111010000000000000000
00000011101101111110100000100000
00110111111111000000000000011000
00000011100101111110000000100000
00000011111101111101000000100000
00100111010110100000000000000101
10001111101010010000000000000110
01111111111010100000000000000000
00000011111010100100100000100000
10101111101010010000000000000110
10001111101010010000000000000110
10101111010010010000000000000000
10001111010110110000000000000000
10101111100110110000000000000001
00000011101111111101100000100000
00100011011110110000000000000000
10101111100110110000000000000010
00100011101111010000000000011001
00100011100111000000000000011001
00001100000000000000001110000110
00100111101111010000000000011001
00100111100111000000000000011001
10001111101010110000000000000010
10101111010010110000000000000000
10001111010110110000000000000000
01111011011111110000000000000000
00001000000000000000001111001101
00000011111111111111100000100000
11111111111111111111111111111111
00000011111111111111100000100000
00000011111111111111100000100000
00000011111111111111100000100000
00000011111111111111100000100000
00000011111111111111100000100000
00000011111111111111100000100000
00000011111111111111100000100000
00000011111111111111100000100000
00000011111111111111100000100000
00000011111111111111100000100000
00000011111111111111100000100000
00000011111111111111100000100000
00000011111111111111100000100000
00000011111111111111100000100000
00000011111111111111100000100000
00000011111111111111100000100000
00000011111111111111100000100000
00000011111111111111100000100000
00000011111111111111100000100000
00000011111111111111100000100000
00000011111111111111100000100000
00000011111111111111100000100000
00000011111111111111100000100000
00000011111111111111100000100000
00000011111111111111100000100000
00000011111111111111100000100000
00000011111111111111100000100000
00000011111111111111100000100000
00000011111111111111100000100000
00000011111111111111100000100000
00000011111111111111100000100000
00000011111111111111100000100000
00000011111111111111100000100000
00000011111111111111100000100000
00000011111111111111100000100000
00000011111111111111100000100000
00000011111111111111100000100000
00000011111111111111100000100000
00000011111111111111100000100000
00000011111111111111100000100000
00000011111111111111100000100000
00000011111111111111100000100000
00000011111111111111100000100000
00000011111111111111100000100000
00000011111111111111100000100000
00000011111111111111100000100000
00000011111111111111100000100000
00000011111111111111100000100000
00000011111111111111100000100000
00000011111111111111100000100000
00000011111111111111100000100000
00000011111111111111100000100000
00000011111111111111100000100000
00000011111111111111100000100000
00000011111111111111100000100000
00000011111111111111100000100000
00000011111111111111100000100000
00000011111111111111100000100000
00000011111111111111100000100000
00000011111111111111100000100000
00000011111111111111100000100000
00000011111111111111100000100000
00000011111111111111100000100000
00000011111111111111100000100000
00000011111111111111100000100000
00000011111111111111100000100000
00000011111111111111100000100000
00000011111111111111100000100000
00000011111111111111100000100000
00000011111111111111100000100000
00000011111111111111100000100000
00000011111111111111100000100000
00000011111111111111100000100000
00000011111111111111100000100000
00000011111111111111100000100000
00000011111111111111100000100000
00001000000000000000010000111001
00000011111111111111100000100000
10101111101111100000000000000011
10001111101000000000000000000000
10001111101000010000000000000001
10001111101000100000000000001000
10001111101000000000000000000000
00000011111000000001000000100000
10101111101000100000000000001000
00000011111111111111100000100000
10001111101000100000000000001000
10001111101000010000000000000001
00000000010000010001100000101010
10110100011000110000000000000001
00010011111000110000010000110001
10001111101000100000000000001000
10001111101000100000000000001000
10001111101000010000000000000001
00000000010000010010000000100010
00000011111001000001000000100000
10101111101000100000000000001000
00001000000000000000010000100100
00000011111111111111100000100000
10001111101000100000000000001000
10001111101110110000000000000010
10101111011000100000000000000010
00001000000000000000010000110110
00000011111111111111100000100000
10001111101111100000000000000011
00000011110111111111100000001000
00000011111111111111100000100000
00110111111111010000000000000000
00000011101101111110100000100000
00110111111111000000000000011000
00000011100101111110000000100000
00000011111101111101000000100000
00100111010110100000000000000101
10001111101001010000000000000110
01111111111001100000000000000000
00000011111001100010100000100000
10101111101001010000000000000110
10001111101001110000000000000111
01111111111010000000000000000000
00000011111010000011100000100000
10101111101001110000000000000111
10001111101001010000000000000110
10101111010001010000000000000000
10001111101001110000000000000111
10101111010001110000000000000001
10001111010110110000000000000001
10101111100110110000000000000010
10001111010110110000000000000000
10101111100110110000000000000001
00000011101111111101100000100000
00100011011110110000000000000000
10101111100110110000000000000011
00100011101111010000000000011001
00100011100111000000000000011001
00001100000000000000010000011100
00100111101111010000000000011001
00100111100111000000000000011001
10001111101010010000000000000010
10101111010010010000000000000000
10001111010110110000000000000000
01111011011111110000000000000000
00000011111111111111100000100000
11111111111111111111111111111111
00000011111111111111100000100000
00000011111111111111100000100000
00000011111111111111100000100000
00000011111111111111100000100000
00000011111111111111100000100000
00000011111111111111100000100000
00000011111111111111100000100000
00000011111111111111100000100000
00000011111111111111100000100000
00000011111111111111100000100000
00000011111111111111100000100000
00000011111111111111100000100000
00000011111111111111100000100000
00000011111111111111100000100000
00000011111111111111100000100000
00000011111111111111100000100000
00000011111111111111100000100000
00000011111111111111100000100000
00000011111111111111100000100000
00000011111111111111100000100000
00000011111111111111100000100000
00000011111111111111100000100000
00000011111111111111100000100000
00000011111111111111100000100000
00000011111111111111100000100000
00000011111111111111100000100000
00000011111111111111100000100000
00000011111111111111100000100000
00000011111111111111100000100000
00000011111111111111100000100000
00000011111111111111100000100000
00000011111111111111100000100000
00000011111111111111100000100000
00000011111111111111100000100000
00000011111111111111100000100000
00000011111111111111100000100000
00000011111111111111100000100000
00000011111111111111100000100000
00000011111111111111100000100000
00000011111111111111100000100000
00000011111111111111100000100000
00000011111111111111100000100000
00000011111111111111100000100000
00000011111111111111100000100000
00000011111111111111100000100000
00000011111111111111100000100000
00000011111111111111100000100000
00000011111111111111100000100000
00000011111111111111100000100000
00000011111111111111100000100000
00000011111111111111100000100000
00000011111111111111100000100000
00000011111111111111100000100000
00000011111111111111100000100000
00000011111111111111100000100000
00000011111111111111100000100000
00000011111111111111100000100000
00000011111111111111100000100000
00000011111111111111100000100000
00000011111111111111100000100000
00000011111111111111100000100000
00000011111111111111100000100000
00000011111111111111100000100000
00000011111111111111100000100000
00000011111111111111100000100000
00000011111111111111100000100000
00000011111111111111100000100000
00000011111111111111100000100000
00000011111111111111100000100000
00000011111111111111100000100000
00000011111111111111100000100000
00000011111111111111100000100000
00000011111111111111100000100000
00000011111111111111100000100000
00000011111111111111100000100000
00000011111111111111100000100000
00000011111111111111100000100000
00000011111111111111100000100000
00000011111111111111100000100000
00000011111111111111100000100000
00000011111111111111100000100000
00000011111111111111100000100000
00000011111111111111100000100000
00001000000000000000010011001111
00000011111111111111100000100000
10101111101111100000000000000011
10001111101000000000000000000000
10001111101000010000000000000001
10001111101000100000000000001000
10001111101000000000000000000000
00000011111000000001000000100000
10101111101000100000000000001000
00000011111111111111100000100000
10001111101000100000000000001000
10001111101000010000000000000001
00000000010000010001100000101010
10110100011000110000000000000001
00010011111000110000010011000111
10001111101000100000000000001000
10001111101000100000000000001000
10001111101000010000000000000001
00000000010000010010000000100010
00000011111001000001000000100000
10101111101000100000000000001000
00001000000000000000010010111010
00000011111111111111100000100000
10001111101000100000000000001000
10001111101110110000000000000010
10101111011000100000000000000010
00001000000000000000010011001100
00000011111111111111100000100000
10001111101111100000000000000011
00000011110111111111100000001000
00000011111111111111100000100000
00110111111111010000000000000000
00000011101101111110100000100000
00110111111111000000000000011000
00000011100101111110000000100000
00000011111101111101000000100000
00100111010110100000000000000101
10001111101001010000000000001000
00000011111111110010100000100000
10101111101001010000000000001000
10001111101001100000000000000111
00110111111001110000000000000010
00000011111001110011000000100000
10101111101001100000000000000111
10001111101010000000000000000110
01111111111010010000000000000000
00000011111010010100000000100000
10101111101010000000000000000110
10001111101010000000000000000110
00110111111010100000000000000001
00000001000010100101100000101010
00000001010010000101100000101010
10110101011010110000000000000001
00010011111010110000010011101011
10101111010111110000000000000000
10001111010110110000000000000000
01111011011111110000000000000000
00001000000000000000010100100100
00000011111111111111100000100000
00000011111111111111100000100000
10001111101001100000000000000111
10001111101010000000000000000110
00000000110010000110000000101010
00010011111011000000010100010100
10001111101010000000000000000110
10101111010010000000000000000000
10001111101001100000000000000111
10101111010001100000000000000001
10001111010110110000000000000001
10101111100110110000000000000010
10001111010110110000000000000000
10101111100110110000000000000001
00000011101111111101100000100000
00100011011110110000000000000000
10101111100110110000000000000011
00100011101111010000000000011001
00100011100111000000000000011001
00001100000000000000010010110010
00100111101111010000000000011001
00100111100111000000000000011001
10001111101011010000000000000010
00000001101111110111000000101010
00000011111011010111000000101010
10110101110011100000000000000001
00010011111011100000010100001100
10001111101001010000000000001000
10001111101001010000000000001000
00110111111011110000000000000001
00000000101011111000000000100000
00000011111100000010100000100000
10101111101001010000000000001000
00000011111111111111100000100000
10001111101001100000000000000111
10001111101001100000000000000111
00110111111100010000000000000001
00000000110100011001000000100000
00000011111100100011000000100000
10101111101001100000000000000111
00001000000000000000010011101100
00000011111111111111100000100000
10001111101001010000000000001000
00000000101111111001100000101010
00000011111001011001100000101010
10110110011100110000000000000001
00010011111100110000010100011111
00110111111101000000000000000001
10101111010101000000000000000000
10001111010110110000000000000000
01111011011111110000000000000000
00001000000000000000010100100011
00000011111111111111100000100000
10101111010111110000000000000000
10001111010110110000000000000000
01111011011111110000000000000000
00000011111111111111100000100000
00000011111111111111100000100000
00001000000000000000010100100110
00000011111111111111100000100000
11111111111111111111111111111111
00000011111111111111100000100000
00000011111111111111100000100000
00000011111111111111100000100000
00000011111111111111100000100000
00000011111111111111100000100000
00000011111111111111100000100000
00000011111111111111100000100000
00000011111111111111100000100000
00000011111111111111100000100000
00000011111111111111100000100000
00000011111111111111100000100000
00000011111111111111100000100000
00000011111111111111100000100000
00000011111111111111100000100000
00000011111111111111100000100000
00000011111111111111100000100000
00000011111111111111100000100000
00000011111111111111100000100000
00000011111111111111100000100000
00000011111111111111100000100000
00000011111111111111100000100000
00000011111111111111100000100000
00000011111111111111100000100000
00000011111111111111100000100000
00000011111111111111100000100000
00000011111111111111100000100000
00000011111111111111100000100000
00000011111111111111100000100000
00000011111111111111100000100000
00000011111111111111100000100000
00000011111111111111100000100000
00001000000000000000010101001000
00000011111111111111100000100000
00110111111111010000000000000000
00000011101101111110100000100000
00110111111111000000000000011000
00000011100101111110000000100000
00000011111101111101000000100000
00100111010110100000000000000101
10001111101000000000000000000110
01111111111000010000000000000000
00000011111000010000000000100000
10101111101000000000000000000110
10001111101000100000000000001000
01111111111000110000000000000000
00000011111000110001000000100000
10101111101000100000000000001000
10001111101001000000000000000111
00110111111001010000000000000001
00000011111001010010000000100000
10101111101001000000000000000111
00000011111111111111100000100000
10001111101000100000000000001000
00000011111000100011000000101010
00010011111001100000010101101100
10001111101001000000000000000111
10001111101001000000000000000111
10001111101000000000000000000110
00000000100000000011100000011000
00000011111001110010000000100000
10101111101001000000000000000111
10001111101000100000000000001000
10001111101000100000000000001000
00110111111010000000000000000001
00000000010010000100100000100010
00000011111010010001000000100000
10101111101000100000000000001000
00001000000000000000010101011011
00000011111111111111100000100000
10001111101001000000000000000111
10101111010001000000000000000000
10001111010110110000000000000000
01111011011111110000000000000000
00001000000000000000010101110010
00000011111111111111100000100000
11111111111111111111111111111111
00000011111111111111100000100000
00000011111111111111100000100000
00000011111111111111100000100000
00000011111111111111100000100000
00000011111111111111100000100000
00000011111111111111100000100000
00000011111111111111100000100000
00000011111111111111100000100000
00000011111111111111100000100000
00000011111111111111100000100000
00000011111111111111100000100000
00000011111111111111100000100000
00000011111111111111100000100000
00000011111111111111100000100000
00000011111111111111100000100000
00000011111111111111100000100000
00000011111111111111100000100000
00000011111111111111100000100000
00000011111111111111100000100000
00000011111111111111100000100000
00000011111111111111100000100000
00000011111111111111100000100000
00000011111111111111100000100000
00000011111111111111100000100000
00000011111111111111100000100000
00000011111111111111100000100000
00000011111111111111100000100000
00000011111111111111100000100000
00000011111111111111100000100000
00000011111111111111100000100000
00000011111111111111100000100000
00000011111111111111100000100000
00000011111111111111100000100000
00000011111111111111100000100000
00000011111111111111100000100000
00000011111111111111100000100000
00000011111111111111100000100000
00000011111111111111100000100000
00000011111111111111100000100000
00000011111111111111100000100000
00000011111111111111100000100000
00000011111111111111100000100000
00000011111111111111100000100000
00000011111111111111100000100000
00000011111111111111100000100000
00000011111111111111100000100000
00000011111111111111100000100000
00000011111111111111100000100000
00000011111111111111100000100000
00000011111111111111100000100000
00000011111111111111100000100000
00000011111111111111100000100000
00000011111111111111100000100000
00000011111111111111100000100000
00000011111111111111100000100000
00000011111111111111100000100000
00000011111111111111100000100000
00000011111111111111100000100000
00000011111111111111100000100000
00000011111111111111100000100000
00000011111111111111100000100000
00000011111111111111100000100000
00000011111111111111100000100000
00000011111111111111100000100000
00000011111111111111100000100000
00000011111111111111100000100000
00000011111111111111100000100000
00000011111111111111100000100000
00000011111111111111100000100000
00000011111111111111100000100000
00000011111111111111100000100000
00000011111111111111100000100000
00000011111111111111100000100000
00000011111111111111100000100000
00000011111111111111100000100000
00000011111111111111100000100000
00000011111111111111100000100000
00000011111111111111100000100000
00000011111111111111100000100000
00000011111111111111100000100000
00000011111111111111100000100000
00000011111111111111100000100000
00000011111111111111100000100000
00000011111111111111100000100000
00000011111111111111100000100000
00000011111111111111100000100000
00000011111111111111100000100000
00000011111111111111100000100000
00000011111111111111100000100000
00000011111111111111100000100000
00000011111111111111100000100000
00000011111111111111100000100000
00000011111111111111100000100000
00000011111111111111100000100000
00000011111111111111100000100000
00000011111111111111100000100000
00000011111111111111100000100000
00000011111111111111100000100000
00000011111111111111100000100000
00000011111111111111100000100000
00000011111111111111100000100000
00000011111111111111100000100000
00000011111111111111100000100000
00000011111111111111100000100000
00000011111111111111100000100000
00001000000000000000011000001011
00000011111111111111100000100000
10101111101111100000000000000011
10001111101000000000000000000000
10001111101000010000000000000001
10001111101000010000000000000001
00000000001111110001000000101010
00000011111000010001000000101010
10110100010000100000000000000001
00010011111000100000010111101100
10001111101000000000000000000000
10001111101110110000000000000010
10101111011000000000000000000010
00001000000000000000011000001000
00001000000000000000011000000111
00000011111111111111100000100000
10001111101000010000000000000001
10101111010000010000000000000000
10001111101000000000000000000000
10001111101000000000000000000000
10001111101000010000000000000001
00000000000000010001100000011010
10001111101000010000000000000001
00000000011000010010000000011000
00000000000001000010100000100010
10101111010001010000000000000001
10001111010110110000000000000001
10101111100110110000000000000010
10001111010110110000000000000000
10101111100110110000000000000001
00000011101111111101100000100000
00100011011110110000000000000010
10101111100110110000000000000011
00100011101111010000000000011001
00100011100111000000000000011001
00001100000000000000010111011110
00100111101111010000000000011001
00100111100111000000000000011001
10001111101001100000000000000100
10001111101110110000000000000010
10101111011001100000000000000010
00001000000000000000011000001000
00000011111111111111100000100000
00000011111111111111100000100000
10001111101111100000000000000011
00000011110111111111100000001000
00000011111111111111100000100000
00110111111111010000000000000000
00000011101101111110100000100000
00110111111111000000000000011000
00000011100101111110000000100000
00000011111101111101000000100000
00100111010110100000000000000101
10001111101001110000000000000110
01111111111010000000000000000000
00000011111010000011100000100000
10101111101001110000000000000110
10001111101010010000000000000111
01111111111010100000000000000000
00000011111010100100100000100000
10101111101010010000000000000111
10001111101001110000000000000110
10101111010001110000000000000000
10001111101010010000000000000111
10101111010010010000000000000001
10001111010110110000000000000001
10101111100110110000000000000010
10001111010110110000000000000000
10101111100110110000000000000001
00000011101111111101100000100000
00100011011110110000000000000000
10101111100110110000000000000011
00100011101111010000000000011001
00100011100111000000000000011001
00001100000000000000010111011110
00100111101111010000000000011001
00100111100111000000000000011001
10001111101010110000000000000010
10101111010010110000000000000000
10001111010110110000000000000000
01111011011111110000000000000000
00000011111111111111100000100000
11111111111111111111111111111111
00000011111111111111100000100000
00000011111111111111100000100000
00000011111111111111100000100000
00000011111111111111100000100000
00000011111111111111100000100000
00000011111111111111100000100000
00000011111111111111100000100000
00000011111111111111100000100000
00000011111111111111100000100000
00000011111111111111100000100000
00000011111111111111100000100000
00000011111111111111100000100000
00000011111111111111100000100000
00000011111111111111100000100000
00000011111111111111100000100000
00000011111111111111100000100000
00000011111111111111100000100000
00000011111111111111100000100000
00000011111111111111100000100000
00000011111111111111100000100000
00000011111111111111100000100000
00000011111111111111100000100000
00000011111111111111100000100000
00000011111111111111100000100000
00000011111111111111100000100000
00000011111111111111100000100000
00000011111111111111100000100000
00000011111111111111100000100000
00000011111111111111100000100000
00000011111111111111100000100000
00000011111111111111100000100000
00000011111111111111100000100000
00000011111111111111100000100000
00000011111111111111100000100000
00000011111111111111100000100000
00000011111111111111100000100000
00000011111111111111100000100000
00000011111111111111100000100000
00000011111111111111100000100000
00000011111111111111100000100000
00000011111111111111100000100000
00000011111111111111100000100000
00000011111111111111100000100000
00000011111111111111100000100000
00000011111111111111100000100000
00000011111111111111100000100000
00000011111111111111100000100000
00000011111111111111100000100000
00000011111111111111100000100000
00000011111111111111100000100000
00000011111111111111100000100000
00000011111111111111100000100000
00000011111111111111100000100000
00000011111111111111100000100000
00000011111111111111100000100000
00000011111111111111100000100000
00000011111111111111100000100000
00000011111111111111100000100000
00000011111111111111100000100000
00000011111111111111100000100000
00000011111111111111100000100000
00000011111111111111100000100000
00000011111111111111100000100000
00000011111111111111100000100000
00000011111111111111100000100000
00000011111111111111100000100000
00000011111111111111100000100000
00001000000000000000011100000000
00000011111111111111100000100000
10101111101111100000000000000100
10001111101000000000000000000000
10001111101000010000000000000001
10001111101000100000000000000010
10001111101000110000000000001011
10001111101000010000000000000001
00000011111000010001100000100000
10101111101000110000000000001011
10001111101001000000000000001010
10001111101000010000000000000001
10001111101110110000000000000000
00000011011000011101100000100000
10001111011001010000000000000000
00000011111001010010000000100000
10101111101001000000000000001010
10001111101001100000000000001001
10001111101000010000000000000001
00110111111001110000000000000001
00000000001001110100000000100000
00000011111010000011000000100000
10101111101001100000000000001001
00000011111111111111100000100000
10001111101001100000000000001001
10001111101000100000000000000010
00000000110000100100100000101010
00010011111010010000011010101001
10001111101001100000000000001001
10001111101110110000000000000000
00000011011001101101100000100000
10001111011010100000000000000000
10001111101001000000000000001010
00000001010001000101100000101010
00010011111010110000011010100001
10001111101001000000000000001010
10001111101001100000000000001001
10001111101110110000000000000000
00000011011001101101100000100000
10001111011011000000000000000000
00000011111011000010000000100000
10101111101001000000000000001010
10001111101000110000000000001011
10001111101001100000000000001001
00000011111001100001100000100000
10101111101000110000000000001011
00000011111111111111100000100000
10001111101001100000000000001001
10001111101001100000000000001001
00110111111011010000000000000001
00000000110011010111000000100000
00000011111011100011000000100000
10101111101001100000000000001001
00001000000000000000011010001010
00000011111111111111100000100000
10001111101000110000000000001011
10001111101110110000000000000011
10101111011000110000000000000010
00001000000000000000011010101110
00000011111111111111100000100000
10001111101111100000000000000100
00000011110111111111100000001000
00000011111111111111100000100000
10101111101111100000000000000100
10001111101011110000000000000000
10001111101100000000000000000001
10001111101100010000000000000010
10001111101100100000000000001001
10001111101100000000000000000001
00000011111100001001000000100000
10101111101100100000000000001001
00000011111111111111100000100000
10001111101100100000000000001001
10001111101100010000000000000010
00110111111100110000000000000001
00000010001100111010000000100010
00000010010101001010100000101010
00010011111101010000011011111100
10001111101101100000000000001010
10001111101001010000000000000000
10101111010001010000000000000000
10001111101100100000000000001001
10101111010100100000000000000001
10001111101100010000000000000010
10101111010100010000000000000010
10001111010110110000000000000010
10101111100110110000000000000011
10001111010110110000000000000001
10101111100110110000000000000010
10001111010110110000000000000000
10101111100110110000000000000001
00000011101111111101100000100000
00100011011110110000000000000011
10101111100110110000000000000100
00100011101111010000000000011001
00100011100111000000000000011001
00001100000000000000011001110100
00100111101111010000000000011001
00100111100111000000000000011001
10001111101001110000000000000101
00000011111001111011000000100000
10101111101101100000000000001010
10001111101010000000000000001011
10001111101101100000000000001010
10001111101110110000000000000000
00000011011101101101100000100000
10001111011010010000000000000000
00000011111010010100000000100000
10101111101010000000000000001011
10001111101101100000000000001010
10001111101110110000000000000000
00000011011101101101100000100000
10001111011010100000000000000000
10001111101100100000000000001001
10001111101110110000000000000000
00000011011100101101100000100000
10001111011010110000000000000000
00000011111010110101000000100000
10001111101110110000000000000000
00000011011101101101100000100000
10101111011010100000000000000000
10001111101100100000000000001001
10001111101110110000000000000000
00000011011100101101100000100000
10001111011011000000000000000000
10001111101010000000000000001011
00000011111010000110000000100000
10001111101110110000000000000000
00000011011100101101100000100000
10101111011011000000000000000000
10001111101100100000000000001001
10001111101100100000000000001001
00110111111011010000000000000001
00000010010011010111000000100000
00000011111011101001000000100000
10101111101100100000000000001001
00001000000000000000011010111010
00000011111111111111100000100000
00000011111111111111100000100000
10001111101111100000000000000100
00000011110111111111100000001000
00000011111111111111100000100000
00110111111111010000000000000101
00000011101101111110100000100000
00110111111111000000000000011101
00000011100101111110000000100000
00000011111101111101000000100000
00100111010110100000000000000101
10001111101100110000000000000110
00000011111111111001100000100000
10101111101100110000000000000110
00000011111111111111100000100000
10001111101100110000000000000110
00110111111101000000000000000101
00000010011101001010100000101010
00010011111101010000011100011111
10001111101100110000000000000110
00100010111110110000000000000000
00000011011100111101100000100000
10001111011001010000000000000000
01111111111001110000000000000000
00000011111001110010100000100000
00100010111110110000000000000000
00000011011100111101100000100000
10101111011001010000000000000000
10001111101100110000000000000110
10001111101100110000000000000110
00110111111010010000000000000001
00000010011010010101000000100000
00000011111010101001100000100000
10101111101100110000000000000110
00001000000000000000011100001010
00000011111111111111100000100000
00100010111010110000000000000000
10101111010010110000000000000000
10101111010111110000000000000001
00110111111011000000000000000101
10101111010011000000000000000010
10001111010110110000000000000010
10101111100110110000000000000011
10001111010110110000000000000001
10101111100110110000000000000010
10001111010110110000000000000000
10101111100110110000000000000001
00000011101111111101100000100000
00100011011110110000000000000000
10101111100110110000000000000100
00100011101111010000000000011001
00100011100111000000000000011001
00001100000000000000011010110001
00100111101111010000000000011001
00100111100111000000000000011001
00000011111111111111100000100000
00110111111011010000000000000001
00010011111011010000011101011001
00100010111110110000000000000000
00000011011111111101100000100000
10001111011011100000000000000000
10101111010011100000000000000000
10001111010110110000000000000000
01111011011111110000000000000000
00110111111101000000000000000001
00100010111110110000000000000000
00000011011101001101100000100000
10001111011101010000000000000000
10101111010101010000000000000000
10001111010110110000000000000000
01111011011111110000000000000000
00110111111001010000000000000010
00100010111110110000000000000000
00000011011001011101100000100000
10001111011001110000000000000000
10101111010001110000000000000000
10001111010110110000000000000000
01111011011111110000000000000000
00110111111010010000000000000011
00100010111110110000000000000000
00000011011010011101100000100000
10001111011010100000000000000000
10101111010010100000000000000000
10001111010110110000000000000000
01111011011111110000000000000000
00110111111010110000000000000100
00100010111110110000000000000000
00000011011010111101100000100000
10001111011011000000000000000000
10101111010011000000000000000000
10001111010110110000000000000000
01111011011111110000000000000000
00001000000000000000011100110011
00000011111111111111100000100000
00000011111111111111100000100000
11111111111111111111111111111111
